'''
Cooccurrence matrices saved from 2018-10-24
Generated by extract-tree-from-collapsed-gibbs.ipynb at git commit b663420
'''

import numpy as np

cooccur_true = np.array([
    [1.964285714285714801e-01, 4.464285714285715773e-03, 4.464285714285715773e-03, 4.464285714285715773e-03, 4.464285714285715773e-03, 4.464285714285715773e-03, 4.464285714285715773e-03, 4.464285714285715773e-03, 4.464285714285715773e-03, 4.464285714285715773e-03, 4.464285714285715773e-03, 4.464285714285715773e-03, 4.464285714285715773e-03],
    [4.464285714285715773e-03, 3.858418367346940631e-02, 1.116071428571428943e-03, 1.116071428571428943e-03, 3.507653061224491955e-03, 3.507653061224491955e-03, 3.507653061224491955e-03, 1.116071428571428943e-03, 1.116071428571428943e-03, 1.116071428571428943e-03, 1.116071428571428943e-03, 1.116071428571428943e-03, 1.116071428571428943e-03],
    [4.464285714285715773e-03, 1.116071428571428943e-03, 3.858418367346940631e-02, 1.116071428571428943e-03, 1.116071428571428943e-03, 1.116071428571428943e-03, 1.116071428571428943e-03, 3.507653061224491955e-03, 3.507653061224491955e-03, 3.507653061224491955e-03, 1.116071428571428943e-03, 1.116071428571428943e-03, 1.116071428571428943e-03],
    [4.464285714285715773e-03, 1.116071428571428943e-03, 1.116071428571428943e-03, 3.858418367346940631e-02, 1.116071428571428943e-03, 1.116071428571428943e-03, 1.116071428571428943e-03, 1.116071428571428943e-03, 1.116071428571428943e-03, 1.116071428571428943e-03, 3.507653061224491955e-03, 3.507653061224491955e-03, 3.507653061224491955e-03],
    [4.464285714285715773e-03, 3.507653061224491955e-03, 1.116071428571428943e-03, 1.116071428571428943e-03, 3.858418367346940631e-02, 3.507653061224491955e-03, 3.507653061224491955e-03, 1.116071428571428943e-03, 1.116071428571428943e-03, 1.116071428571428943e-03, 1.116071428571428943e-03, 1.116071428571428943e-03, 1.116071428571428943e-03],
    [4.464285714285715773e-03, 3.507653061224491955e-03, 1.116071428571428943e-03, 1.116071428571428943e-03, 3.507653061224491955e-03, 3.858418367346940631e-02, 3.507653061224491955e-03, 1.116071428571428943e-03, 1.116071428571428943e-03, 1.116071428571428943e-03, 1.116071428571428943e-03, 1.116071428571428943e-03, 1.116071428571428943e-03],
    [4.464285714285715773e-03, 3.507653061224491955e-03, 1.116071428571428943e-03, 1.116071428571428943e-03, 3.507653061224491955e-03, 3.507653061224491955e-03, 3.858418367346940631e-02, 1.116071428571428943e-03, 1.116071428571428943e-03, 1.116071428571428943e-03, 1.116071428571428943e-03, 1.116071428571428943e-03, 1.116071428571428943e-03],
    [4.464285714285715773e-03, 1.116071428571428943e-03, 3.507653061224491955e-03, 1.116071428571428943e-03, 1.116071428571428943e-03, 1.116071428571428943e-03, 1.116071428571428943e-03, 3.858418367346940631e-02, 3.507653061224491955e-03, 3.507653061224491955e-03, 1.116071428571428943e-03, 1.116071428571428943e-03, 1.116071428571428943e-03],
    [4.464285714285715773e-03, 1.116071428571428943e-03, 3.507653061224491955e-03, 1.116071428571428943e-03, 1.116071428571428943e-03, 1.116071428571428943e-03, 1.116071428571428943e-03, 3.507653061224491955e-03, 3.858418367346940631e-02, 3.507653061224491955e-03, 1.116071428571428943e-03, 1.116071428571428943e-03, 1.116071428571428943e-03],
    [4.464285714285715773e-03, 1.116071428571428943e-03, 3.507653061224491955e-03, 1.116071428571428943e-03, 1.116071428571428943e-03, 1.116071428571428943e-03, 1.116071428571428943e-03, 3.507653061224491955e-03, 3.507653061224491955e-03, 3.858418367346940631e-02, 1.116071428571428943e-03, 1.116071428571428943e-03, 1.116071428571428943e-03],
    [4.464285714285715773e-03, 1.116071428571428943e-03, 1.116071428571428943e-03, 3.507653061224491955e-03, 1.116071428571428943e-03, 1.116071428571428943e-03, 1.116071428571428943e-03, 1.116071428571428943e-03, 1.116071428571428943e-03, 1.116071428571428943e-03, 3.858418367346940631e-02, 3.507653061224491955e-03, 3.507653061224491955e-03],
    [4.464285714285715773e-03, 1.116071428571428943e-03, 1.116071428571428943e-03, 3.507653061224491955e-03, 1.116071428571428943e-03, 1.116071428571428943e-03, 1.116071428571428943e-03, 1.116071428571428943e-03, 1.116071428571428943e-03, 1.116071428571428943e-03, 3.507653061224491955e-03, 3.858418367346940631e-02, 3.507653061224491955e-03],
    [4.464285714285715773e-03, 1.116071428571428943e-03, 1.116071428571428943e-03, 3.507653061224491955e-03, 1.116071428571428943e-03, 1.116071428571428943e-03, 1.116071428571428943e-03, 1.116071428571428943e-03, 1.116071428571428943e-03, 1.116071428571428943e-03, 3.507653061224491955e-03, 3.507653061224491955e-03, 3.858418367346940631e-02],
])

cooccur_empirical = np.array([
    [1.937401524000025022e-01, 4.438254100000016064e-03, 4.337236800000011938e-03, 4.307395900000016674e-03, 4.360547000000012351e-03, 4.189556400000014544e-03, 4.414698700000010967e-03, 4.294201600000006371e-03, 4.570623400000011632e-03, 4.376874400000005556e-03, 4.681799700000020999e-03, 4.609878800000009359e-03, 4.615380800000013807e-03],
    [4.438254100000016064e-03, 3.724783069999978991e-02, 1.163200300000003223e-03, 1.266438500000000977e-03, 3.145162000000006463e-03, 3.336936000000003885e-03, 3.221719400000004098e-03, 9.882286000000033068e-04, 1.033757500000002287e-03, 1.039250600000002399e-03, 1.384578000000002192e-03, 1.188556200000002137e-03, 1.231788100000002139e-03],
    [4.337236800000011938e-03, 1.163200300000003223e-03, 3.976607579999977965e-02, 1.257146900000003344e-03, 1.077643600000002680e-03, 1.028394400000000536e-03, 1.078675000000002028e-03, 3.626816600000008599e-03, 3.617651900000009354e-03, 3.358367000000003159e-03, 9.511660000000025277e-04, 1.214217300000002128e-03, 1.135208400000002485e-03],
    [4.307395900000016674e-03, 1.266438500000000977e-03, 1.257146900000003344e-03, 3.966973209999971606e-02, 1.159562300000002103e-03, 1.059277900000001786e-03, 1.311084400000000908e-03, 1.072619000000002085e-03, 1.316784200000003634e-03, 9.714663000000003587e-04, 3.627863900000015754e-03, 3.569430800000007818e-03, 3.847497800000007715e-03],
    [4.360547000000012351e-03, 3.145162000000006463e-03, 1.077643600000002680e-03, 1.159562300000002103e-03, 3.581070659999983224e-02, 3.170561900000006504e-03, 3.532312800000010373e-03, 9.995395000000025822e-04, 1.037814800000002192e-03, 1.186586000000002059e-03, 1.165131300000003161e-03, 1.104991600000002853e-03, 1.062640600000003136e-03],
    [4.189556400000014544e-03, 3.336936000000003885e-03, 1.028394400000000536e-03, 1.059277900000001786e-03, 3.170561900000006504e-03, 3.756509449999970163e-02, 3.266525800000010405e-03, 1.185788800000001910e-03, 1.142950800000001139e-03, 1.305312800000002537e-03, 9.659684000000017543e-04, 1.127616800000001479e-03, 9.825155000000025500e-04],
    [4.414698700000010967e-03, 3.221719400000004098e-03, 1.078675000000002028e-03, 1.311084400000000908e-03, 3.532312800000010373e-03, 3.266525800000010405e-03, 3.876756529999980661e-02, 1.150169000000002533e-03, 1.136972500000004056e-03, 1.069882100000001416e-03, 1.056523100000000001e-03, 1.022452300000002571e-03, 1.019519600000003438e-03],
    [4.294201600000006371e-03, 9.882286000000033068e-04, 3.626816600000008599e-03, 1.072619000000002085e-03, 9.995395000000025822e-04, 1.185788800000001910e-03, 1.150169000000002533e-03, 3.985180479999965442e-02, 3.649253200000008614e-03, 3.270410000000004841e-03, 1.135540600000001493e-03, 1.159749300000002771e-03, 1.111479000000002238e-03],
    [4.570623400000011632e-03, 1.033757500000002287e-03, 3.617651900000009354e-03, 1.316784200000003634e-03, 1.037814800000002192e-03, 1.142950800000001139e-03, 1.136972500000004056e-03, 3.649253200000008614e-03, 3.992499909999966401e-02, 3.632026800000005915e-03, 1.135855800000002726e-03, 1.196350900000003230e-03, 1.265259100000004069e-03],
    [4.376874400000005556e-03, 1.039250600000002399e-03, 3.358367000000003159e-03, 9.714663000000003587e-04, 1.186586000000002059e-03, 1.305312800000002537e-03, 1.069882100000001416e-03, 3.270410000000004841e-03, 3.632026800000005915e-03, 3.665701819999971078e-02, 1.110175000000002523e-03, 9.915542000000013290e-04, 1.039676600000003902e-03],
    [4.681799700000020999e-03, 1.384578000000002192e-03, 9.511660000000025277e-04, 3.627863900000015754e-03, 1.165131300000003161e-03, 9.659684000000017543e-04, 1.056523100000000001e-03, 1.135540600000001493e-03, 1.135855800000002726e-03, 1.110175000000002523e-03, 3.909889579999966530e-02, 3.865685500000007758e-03, 4.053016900000011580e-03],
    [4.609878800000009359e-03, 1.188556200000002137e-03, 1.214217300000002128e-03, 3.569430800000007818e-03, 1.104991600000002853e-03, 1.127616800000001479e-03, 1.022452300000002571e-03, 1.159749300000002771e-03, 1.196350900000003230e-03, 9.915542000000013290e-04, 3.865685500000007758e-03, 3.926082059999966289e-02, 3.649095700000004779e-03],
    [4.615380800000013807e-03, 1.231788100000002139e-03, 1.135208400000002485e-03, 3.847497800000007715e-03, 1.062640600000003136e-03, 9.825155000000025500e-04, 1.019519600000003438e-03, 1.111479000000002238e-03, 1.265259100000004069e-03, 1.039676600000003902e-03, 4.053016900000011580e-03, 3.649095700000004779e-03, 4.177162189999967384e-02],
])

cooccur_estimated_lda = np.array([
    [1.168723416999991604e-01, 1.298630000000006342e-02, 1.070404330000001604e-02, 1.052025610000001908e-02, 6.392819199999990633e-03, 6.136014299999974046e-03, 5.398083499999968213e-03, 7.818429300000014417e-03, 6.832353299999996410e-03, 5.162094400000013898e-03, 8.834316799999993378e-03, 8.768830600000040998e-03, 7.368017499999971257e-03],
    [1.298630000000006342e-02, 3.067705650000002865e-02, 5.811741600000012824e-03, 4.487289200000006348e-03, 4.775110800000014963e-03, 3.780008200000007940e-03, 4.326786399999983657e-03, 3.371379599999970150e-03, 3.014903299999995099e-03, 2.931608299999984533e-03, 4.876389900000024230e-03, 3.847703500000005435e-03, 3.943422699999987041e-03],
    [1.070404330000001604e-02, 5.811741600000012824e-03, 2.777452690000025565e-02, 4.906202800000005609e-03, 2.969759699999996103e-03, 2.803429499999992441e-03, 2.689781199999975812e-03, 4.845592599999981251e-03, 4.472288900000018566e-03, 4.085943999999992401e-03, 4.090805299999977426e-03, 3.888607199999994084e-03, 3.415576999999987359e-03],
    [1.052025610000001908e-02, 4.487289200000006348e-03, 4.906202800000005609e-03, 2.439262360000066937e-02, 2.951894799999996415e-03, 2.228918999999980263e-03, 2.415847999999986076e-03, 2.912903999999990039e-03, 2.515992099999976497e-03, 2.447446599999990920e-03, 5.124262799999995156e-03, 4.291984699999988086e-03, 4.366976299999987370e-03],
    [6.392819199999990633e-03, 4.775110800000014963e-03, 2.969759699999996103e-03, 2.951894799999996415e-03, 2.275220530000009872e-02, 2.962704000000011741e-03, 3.131261000000011042e-03, 2.381546800000014161e-03, 2.094989199999995957e-03, 1.818541099999996039e-03, 2.708639399999989393e-03, 2.496949099999997475e-03, 2.343879599999992500e-03],
    [6.136014299999974046e-03, 3.780008200000007940e-03, 2.803429499999992441e-03, 2.228918999999980263e-03, 2.962704000000011741e-03, 2.033658399999963007e-02, 2.886893500000004258e-03, 1.711743199999992424e-03, 1.538605199999995262e-03, 1.509459699999993404e-03, 2.401028399999997898e-03, 2.076539799999986904e-03, 2.173871199999993526e-03],
    [5.398083499999968213e-03, 4.326786399999983657e-03, 2.689781199999975812e-03, 2.415847999999986076e-03, 3.131261000000011042e-03, 2.886893500000004258e-03, 2.245122769999935777e-02, 2.048861199999993474e-03, 1.781065600000002452e-03, 1.659222000000002946e-03, 2.350813699999986569e-03, 2.176181400000005029e-03, 2.011674800000000461e-03],
    [7.818429300000014417e-03, 3.371379599999970150e-03, 4.845592599999981251e-03, 2.912903999999990039e-03, 2.381546800000014161e-03, 1.711743199999992424e-03, 2.048861199999993474e-03, 2.278392800000034885e-02, 3.164322799999998333e-03, 3.238601400000006882e-03, 3.168534599999997797e-03, 2.421421000000010398e-03, 2.605135500000000347e-03],
    [6.832353299999996410e-03, 3.014903299999995099e-03, 4.472288900000018566e-03, 2.515992099999976497e-03, 2.094989199999995957e-03, 1.538605199999995262e-03, 1.781065600000002452e-03, 3.164322799999998333e-03, 2.198740179999981656e-02, 2.919190200000001262e-03, 2.631733599999998285e-03, 2.186206300000007041e-03, 2.290747699999992962e-03],
    [5.162094400000013898e-03, 2.931608299999984533e-03, 4.085943999999992401e-03, 2.447446599999990920e-03, 1.818541099999996039e-03, 1.509459699999993404e-03, 1.659222000000002946e-03, 3.238601400000006882e-03, 2.919190200000001262e-03, 2.341957249999927423e-02, 2.245275199999981122e-03, 2.041041799999995451e-03, 1.973502799999994877e-03],
    [8.834316799999993378e-03, 4.876389900000024230e-03, 4.090805299999977426e-03, 5.124262799999995156e-03, 2.708639399999989393e-03, 2.401028399999997898e-03, 2.350813699999986569e-03, 3.168534599999997797e-03, 2.631733599999998285e-03, 2.245275199999981122e-03, 2.440070280000061070e-02, 4.509801999999993316e-03, 4.200695499999996217e-03],
    [8.768830600000040998e-03, 3.847703500000005435e-03, 3.888607199999994084e-03, 4.291984699999988086e-03, 2.496949099999997475e-03, 2.076539799999986904e-03, 2.176181400000005029e-03, 2.421421000000010398e-03, 2.186206300000007041e-03, 2.041041799999995451e-03, 4.509801999999993316e-03, 2.224975400000052395e-02, 3.932578600000002748e-03],
    [7.368017499999971257e-03, 3.943422699999987041e-03, 3.415576999999987359e-03, 4.366976299999987370e-03, 2.343879599999992500e-03, 2.173871199999993526e-03, 2.011674800000000461e-03, 2.605135500000000347e-03, 2.290747699999992962e-03, 1.973502799999994877e-03, 4.200695499999996217e-03, 3.932578600000002748e-03, 2.129132080000060989e-02],
])
